0.430731 0.90409 -1.01142 -0.562017 -2.16951 0.0104899 
1.54043 0.829191 0.619444 -1.68205 0.85674 0.152817 
-1.22414 -2.33929 -0.900171 -2.19528 -0.685646 -2.24407 
-0.360176 1.58871 -0.0314326 -0.935613 2.08704 -0.00487176 
0.778358 0.699419 0.00337805 -0.417054 -1.25111 0.363457 
-0.545092 -2.34537 -1.41082 -0.868984 -2.01381 -0.0969556 
-1.53646 -1.42231 -1.05769 -0.344063 -1.46531 -1.37101 
1.50335 0.148287 0.373344 1.3454 1.84898 1.09197 
-0.0605145 0.0706754 1.02983 0.0589218 0.741625 -0.597444 
0.376814 -0.569301 0.795425 0.780359 -1.06092 -0.288852 
-0.220196 0.438771 1.61621 1.37214 0.858822 -0.154712 
-0.853111 1.35661 0.462024 -0.0211848 1.71973 0.285796 
2.04062 1.78056 2.05622 1.77462 2.2119 1.5353 
0.353912 -0.490818 -0.38222 -1.10338 0.334477 -1.87003 
0.570823 -0.876269 0.583295 -0.563827 -0.749641 0.638091 
0.163004 -1.30928 0.484551 1.07225 0.860163 -0.352682 
1.14004 -0.111939 0.321262 -0.442236 0.444749 0.210682 
-0.874895 -0.255892 0.967488 -0.108663 -0.648935 -0.817331 
-1.56804 0.370871 -1.14009 -1.19466 -0.277186 -0.102509 
0.0244381 -0.0722249 0.196567 1.07136 0.601457 0.230446 
1.33168 -0.551587 0.729681 0.456541 2.23111 1.70661 
-0.506254 -0.846043 -0.372254 -0.988995 -0.968393 -2.19238 
-1.38821 -0.898016 1.68236 1.34449 0.679047 -0.698789 
-1.4795 -1.95183 -1.08057 -0.683528 -0.678387 -0.651065 
-0.727969 0.509153 2.24268 0.730703 -2.04794 -0.489045 
0.381094 -0.983136 -0.822222 -0.0111074 -2.05055 -0.968364 
-0.37287 -0.0209804 -0.367723 -0.411698 -0.0562605 0.360389 
-0.882927 -0.318336 -1.7481 -0.459523 -0.0667787 -1.78109 
-0.823212 -0.060888 0.0705973 -1.43355 -0.211117 -0.408623 
1.14834 0.958224 -0.1074 -0.218797 0.418868 -1.73502 
-0.063552 -0.48886 0.338397 -0.20931 -0.874091 0.856646 
-0.0752362 -0.617787 -0.0246637 -0.593622 0.644197 0.762005 
0.610905 1.54792 0.202543 0.759852 0.438988 1.03276 
-0.283248 0.0520161 -0.676533 1.58931 -0.0838182 0.0404216 
2.15596 -0.445702 0.265318 0.576004 0.349212 1.42457 
1.84907 -0.00105893 0.0678944 -0.623212 -0.252873 0.110535 
-0.645051 0.340406 -1.18065 -0.105058 1.6914 -1.04388 
-0.317256 -0.506357 0.898258 1.51158 -0.50157 -0.516202 
-1.15725 -0.35976 -1.27744 -1.08886 -1.24277 -1.32622 
1.50066 0.793989 -0.0368886 -1.09571 0.910778 1.62894 
-0.412382 -0.241235 -0.569096 -0.0928004 -0.101268 0.0976462 
0.637939 0.906856 0.943913 -0.597193 1.22039 2.60411 
-1.06325 0.500984 0.184007 -1.5765 -0.545436 -1.57601 
-1.04875 0.898736 -0.165286 -1.58657 -1.51386 1.43038 
0.107782 -0.40552 -0.270913 1.4035 -0.143305 0.425329 
-1.09789 -0.942671 -1.97479 -0.99226 -1.30803 -1.50592 
0.316914 0.0546535 -1.03701 -0.87279 0.320766 0.0531377 
-0.177069 -1.14546 -0.177489 -0.8131 -0.488142 -1.66345 
0.209834 0.275392 2.57518 1.2943 -0.875542 2.02831 
-0.529802 0.456586 1.18555 1.55379 -0.858694 2.08538 
0.181396 0.348082 0.680046 -0.0640871 1.07646 -0.27078 
1.11318 -0.737311 2.53659 0.643112 -0.841692 0.702332 
-0.334211 -1.87273 2.33986 -0.166736 0.019393 -0.235941 
-0.749538 0.530076 -1.32357 -0.021742 -0.22165 1.11278 
-2.79331 -2.05893 -2.0783 -0.275177 -0.556963 -1.62759 
0.426241 -0.548449 -0.971819 0.3834 1.3308 -0.563135 
0.103523 1.39975 0.387384 0.801419 0.928452 0.885237 
0.959054 -1.5227 0.418862 -0.642216 -0.949493 1.59039 
-0.0604251 0.44415 0.67668 0.375456 2.06859 0.868809 
0.422215 -0.421223 -0.118428 0.428728 0.432149 -0.119621 
-0.304602 2.49199 -0.669467 0.408116 0.618762 0.196739 
-0.738763 0.880757 0.024912 -0.400609 0.804744 1.72684 
-0.151711 0.482911 -0.326552 0.139505 1.06437 1.14192 
0.695903 2.14626 0.584575 1.3922 0.565732 1.81354 
-0.291375 -0.159799 0.173701 1.15287 -0.198685 -1.31641 
0.0761484 0.726874 0.245466 0.753642 -0.980574 0.378527 
-0.117766 -0.237778 1.21029 -1.24981 -0.00294102 1.36304 
-0.137275 -0.701646 1.45907 0.510998 0.860559 -0.825623 
0.819652 0.653876 0.416464 0.353794 0.169136 0.136449 
1.98383 -0.00448857 -0.323609 2.35069 2.54432 -0.817763 
-0.0607323 -0.919191 -1.3325 -3.0028 -0.940621 1.07611 
0.928872 -0.404569 0.449136 0.789706 -0.721423 0.790449 
-0.30795 -1.19585 -0.379151 -0.446181 -1.09912 -1.74708 
-0.166573 -0.628863 0.835261 -0.278843 -0.193021 0.370326 
-0.549849 0.225342 -0.516796 -0.588846 -1.03878 -0.749561 
2.45715 2.61623 0.882579 1.11403 1.80701 1.65129 
0.0930251 0.984975 1.31385 2.15251 1.52033 -0.305755 
-0.704235 1.29164 -0.688151 -0.549184 -0.715689 0.339426 
0.317998 -0.176912 0.714304 0.029626 1.24113 -0.393691 
-0.228598 -0.0252554 2.21623 0.544688 -0.177759 0.595467 
-0.625633 0.499128 -0.197842 -0.387815 -1.23374 -0.213299 
0.65161 -0.947476 -0.553416 -0.293415 1.21996 0.554466 
-1.80041 -0.603602 -1.76856 -0.0162408 -0.161736 1.13456 
0.747324 -0.0235217 1.37263 0.532841 -2.01845 0.381107 
-1.38534 -0.272348 -0.773681 -0.190546 -0.24458 -0.958521 
0.57036 -0.0487732 -1.84727 -0.664778 0.682444 -0.566375 
-0.309629 -1.59498 0.089191 0.784618 0.584992 1.53041 
1.21109 -0.946584 -0.197775 1.14005 1.02932 -0.632177 
-0.299621 -0.145546 -0.212847 0.143838 1.90047 0.264937 
0.685967 -0.811193 -1.04267 0.206073 0.0952318 -0.170958 
0.163088 0.597707 -1.21228 1.15883 0.00548329 -0.537528 
0.297432 0.603399 -1.19595 1.03164 -0.39476 0.0723204 
0.336726 -0.256256 -0.445838 -0.81287 -0.718821 -0.716031 
1.38764 1.84435 0.0488589 1.38027 1.72023 1.40021 
-1.60038 1.08567 -0.180804 -0.438863 -0.627569 -1.3406 
-0.341459 -0.680327 -0.922723 -0.627773 -0.180985 -1.24438 
1.51326 -0.254336 1.42785 0.709734 1.13277 0.82431 
-0.0752008 0.607059 -1.48367 -1.25387 -0.0858576 -0.507932 
-0.729089 -0.584764 -1.91275 1.36243 0.376877 0.296935 
-0.490302 0.299902 -0.0370595 -1.40672 -0.724226 0.27146 
-0.44244 0.549553 0.985753 0.81078 -0.060347 1.25249 
0.934987 -0.0983828 0.027654 0.484175 -0.662453 0.85332 
0.197285 -0.0840512 0.314375 -1.03273 -0.857274 -0.251094 
-0.947036 -2.1914 -0.981448 -1.83306 0.307556 -1.80578 
1.39803 0.220098 -0.520778 2.12966 -0.0458782 0.922292 
-0.556292 -1.48106 -1.07925 -1.53501 -0.742761 0.906506 
-0.689487 -1.57275 0.451106 0.810125 1.59418 0.11275 
0.223081 -0.122975 -0.0766727 1.12248 -1.32392 -0.603194 
0.786684 -0.0134547 0.954711 1.46314 -1.2075 -0.21333 
0.970151 -1.49024 -0.526412 0.429876 -0.629809 0.75205 
1.58455 1.98763 0.675066 1.69242 1.45889 -0.526004 
-1.00388 -1.49587 -0.146308 -0.362661 -1.31348 -0.293255 
0.609974 0.683954 -1.23527 0.0469436 -0.369677 -0.432751 
0.243769 -1.56846 0.760066 0.742886 -0.184665 -0.598256 
1.11007 0.128477 -0.296247 -0.212732 0.616362 1.77218 
-0.825127 -0.525981 -1.1582 -0.677638 -0.37846 -0.353762 
-1.25851 -1.30897 -1.48912 -0.454666 -1.75392 -2.38499 
-0.286188 -1.39126 -0.933986 -1.44921 0.167513 -1.77261 
-0.683368 0.607957 0.670425 -0.227634 -0.106669 -1.28603 
-0.586986 -0.696336 -1.51476 1.36697 -0.738855 0.275587 
1.98921 1.61549 0.791392 -0.61797 0.830226 0.803008 
-1.38025 0.0823375 0.716831 -0.222357 -0.390797 0.090435 
-1.10956 -0.96079 0.245882 -0.10308 0.310453 0.387941 
0.832417 0.855812 -0.850181 0.945433 0.0118979 -0.518684 
-0.567282 0.55774 -1.99287 -0.983529 -1.36337 0.676091 
1.15777 -0.653529 2.11921 -0.00740404 0.0230408 0.948841 
0.868534 1.93566 2.16871 0.665546 -0.0985229 0.320829 
-0.609702 1.1934 1.68919 0.562637 -1.25473 2.29174 
1.30825 0.486623 1.16598 0.821821 0.967224 2.12695 
0.112238 -0.219356 0.505281 -0.439739 -2.34877 0.458342 
-1.56726 -2.30475 -0.858049 -0.612638 -0.751802 -0.312084 
0.112059 0.6315 0.0407775 0.924269 -0.272732 -1.05096 
-0.464305 1.66195 1.27256 0.00048869 0.279765 -0.270154 
-0.721125 -0.762513 -0.617387 -1.63285 -0.259944 1.63963 
0.954846 -0.274726 -0.489295 1.3301 0.373402 0.515033 
-0.0122802 0.771974 2.02918 1.85413 1.01352 1.17061 
1.01741 -1.04625 -0.58886 0.985068 1.24186 -0.459376 
0.0859156 0.305657 0.679224 -1.48545 -1.68901 0.997358 
-1.14824 0.579472 0.802542 -1.41961 0.665944 0.588749 
-0.0145623 1.5692 1.42577 0.389926 1.33798 0.786629 
1.41401 -0.19755 -2.82237 -1.43377 -0.122913 0.316834 
-0.336751 0.076457 -0.871322 0.245453 -0.803844 0.256254 
0.668879 0.374582 0.825668 0.333006 0.881473 0.63607 
-0.0810274 1.30759 1.16114 0.497763 0.868124 0.085509 
-1.18271 -0.110485 -1.51142 -2.17467 -1.47098 -1.0628 
-1.3869 0.819339 0.266816 -0.0715228 -0.533141 1.37998 
-1.33029 0.212728 1.10457 0.612221 -0.435964 -0.101012 
0.0137379 -2.31966 -0.433814 1.32693 -1.0119 -1.03347 
1.00803 -0.470182 0.839747 -0.543562 0.293225 0.422988 
-1.38729 0.7293 -1.34471 0.0961465 -1.10446 -0.572134 
0.208234 -0.358004 0.258793 -0.349134 -0.113248 1.02566 
-0.381821 0.136129 -1.7609 -1.26837 -1.04528 -0.551537 
0.0685237 -0.654874 -0.732876 1.40954 -0.617508 -0.894827 
0.272115 -1.21413 0.939693 0.798894 1.11829 -0.0794883 
-1.64902 -0.298194 -1.66743 -0.893849 -0.281395 -1.40607 
0.182945 -2.08025 0.319775 -0.515679 -0.538052 -0.917582 
-0.63667 0.529084 -0.520532 -0.836294 -1.08447 0.721403 
-0.172579 -1.73532 -0.526128 -1.84884 -1.20927 -1.14772 
1.04515 0.978015 0.085325 0.353014 1.13578 0.897146 
-0.620402 1.10717 0.311827 -0.233477 1.13995 0.040043 
-0.52783 -0.379111 0.0842133 0.11013 -1.66682 0.215857 
0.115335 0.0660097 1.6067 -0.934171 0.262489 0.510252 
0.96534 -1.10728 -1.63453 -0.658911 -0.769159 0.0405507 
0.320667 -0.710082 0.2689 1.82566 -0.471368 0.610898 
-0.0371698 -0.355643 -0.457895 0.458194 0.419952 -0.423161 
-0.0723021 -3.38156 -0.926127 -0.387718 -0.663652 -2.03859 
-0.142496 -0.66761 0.707482 -0.505862 -0.418598 -0.167108 
-0.00890874 -0.455535 0.647126 -0.507218 0.35494 0.466317 
1.52096 -0.160344 0.233495 -0.245991 0.675178 -0.292443 
0.882893 0.601307 -0.546701 0.0329264 -0.380403 -0.814481 
-0.587293 -0.94189 -1.99995 -0.571107 -1.67536 -0.555281 
0.314081 0.0475519 0.0982989 -1.23318 -0.606298 0.0968416 
-1.36048 -2.20212 -1.9664 -1.95095 -3.02416 -1.98844 
-0.153436 0.213927 0.737386 0.18916 1.69244 0.74067 
-0.283221 -0.697812 -0.395575 -0.243638 0.795527 -0.995628 
-0.234531 -0.926681 0.844182 -0.237994 1.23142 -0.422829 
-2.11805 -1.88815 -0.269827 -1.17714 -1.96408 0.0664929 
-1.13736 -0.280634 -0.811592 -0.503832 -1.58038 -1.11685 
-1.70778 -0.544691 -1.18821 -0.568214 0.184079 -0.0178354 
-0.0516019 0.319412 0.23506 0.65476 1.60085 0.580549 
-1.64031 -0.751856 -0.0613935 1.06517 -0.295299 -1.20402 
-0.427716 -0.606073 -0.715557 1.4487 0.0355579 -0.119429 
-1.08707 0.482188 0.553354 0.584066 -0.595657 1.05618 
-0.336329 0.376062 -0.480332 2.10554 -0.7116 0.464002 
-0.422434 -0.840856 1.31264 0.443935 0.205735 2.38816 
-0.816475 0.801764 -0.451599 0.499729 -0.690376 -1.07408 
0.452688 -0.555659 0.516301 0.27868 -0.463547 0.985234 
-0.439986 0.253185 1.53167 -0.318116 0.398524 -0.48813 
-0.337815 0.607688 0.812721 -1.99122 0.417677 -0.481302 
1.4557 0.0894828 -0.289337 -0.823667 -0.369845 -0.718234 
-1.26775 -0.403544 0.0257576 0.531845 -0.290826 1.44173 
0.643684 0.714056 1.58168 0.881685 -0.631164 1.9104 
1.07906 0.69103 1.94216 -0.435511 0.640236 -0.325758 
0.0963277 -1.60047 -1.16731 -0.56263 -2.10289 0.228037 
-0.729881 -1.76699 0.308699 -1.04766 -2.73593 -3.91835 
-1.23748 0.684972 -0.480101 -0.283749 0.290918 0.32629 
-1.13265 -1.92563 0.160709 -0.685348 0.115223 -0.47478 
-0.867277 -0.440982 -0.0632486 -0.60632 1.07633 0.670154 
0.930504 1.55892 0.815304 0.287317 1.71295 0.417086 
0.57509 2.24207 0.665812 0.836726 1.6375 1.84231 
-0.186255 -0.886534 -0.145514 0.878812 -1.565 -0.677433 
0.226333 0.218636 1.7587 0.650243 0.931326 0.509721 
1.22595 0.543751 1.56282 -0.847185 0.965742 0.155557 
-1.31043 1.02851 -1.78145 -0.246279 -0.97335 -1.22962 
0.525837 -0.617693 0.56998 1.43467 -0.643558 0.853944 
2.42844 1.11435 0.994037 2.04619 1.39531 1.1875 
0.086475 -1.20927 0.841929 0.464805 -1.36555 -1.21777 
0.323692 -0.49071 -0.167039 0.422803 0.503158 -0.140797 
1.177 -0.254445 0.458389 1.38782 0.603588 1.49764 
-0.198369 -0.27743 -0.443415 -0.144454 1.29477 1.6024 
-1.77199 -2.09724 -1.43832 -1.23341 0.430552 -0.985483 
-0.556557 -0.344632 -0.781856 -1.27871 -1.27106 -1.02351 
-1.75713 1.84171 -0.0728682 0.395428 -1.21523 0.578834 
-0.29454 0.730059 0.878576 0.425113 -0.839257 1.39875 
-0.406872 -0.441844 0.0501847 -0.643971 0.760645 -0.338746 
-0.151799 -1.18372 -0.809934 0.599936 -0.471059 -1.72756 
2.32516 1.71224 0.350213 0.307989 1.2435 1.45821 
-0.199712 -0.389874 -1.02437 -0.625707 1.30179 -0.180899 
-0.575518 -0.0554359 0.25931 -0.415626 -1.81026 -3.38529 
0.777274 0.517321 0.361121 0.566823 0.950488 -0.377851 
0.123677 0.173749 -0.994307 -1.494 -0.769711 -0.0594674 
-1.43406 0.557718 0.116922 0.411857 -0.775876 -0.585134 
-1.4028 0.303446 0.867053 -0.987725 -0.122712 -0.681098 
1.71092 0.535976 0.809988 0.20973 -1.41132 0.127457 
-1.2145 1.49723 1.13491 1.97819 -0.437377 1.57029 
-0.234717 0.541483 -0.377305 -0.378658 0.426314 0.0625123 
1.41948 0.0580781 -0.168152 0.655705 -0.54701 0.660945 
1.69109 1.98545 0.924952 1.70079 -1.43658 0.284256 
-0.833824 -0.320013 1.45395 1.39624 0.0106445 0.495844 
-1.25526 -0.743604 -0.327867 -1.04999 -1.12984 0.708626 
0.93647 1.35247 0.654612 -0.603081 1.71471 -1.24996 
2.11052 1.15147 1.80721 1.60993 0.346666 2.97283 
-0.473697 -1.16439 0.814929 0.597198 1.29655 0.584863 
2.19757 -1.61809 -0.850209 1.33874 0.590698 0.640544 
-1.66602 0.292153 -0.761565 0.117643 -0.205317 0.151023 
0.302332 0.34137 -0.89246 0.230391 0.855158 -0.806129 
-0.630842 0.315134 -0.280711 1.69528 1.56476 0.0825663 
-0.643952 -0.539486 -0.817494 -2.16352 -0.359014 0.101955 
1.73448 1.03479 0.0920833 0.876805 -0.339302 1.17259 
-1.00097 0.204379 -0.203326 -1.21299 0.123198 -1.31986 
-1.14045 -0.239375 0.412484 -1.3 1.60659 -0.228044 
-0.609125 -1.19654 0.360481 1.26241 -0.105904 0.371202 
-0.482158 0.704532 0.770064 -0.720188 -0.325173 -0.0470653 
-0.723676 -0.787845 -0.713941 -1.8631 -2.29675 0.482803 
-0.6961 -1.63149 -0.514732 -0.704401 -0.796703 -0.43775 
-0.324373 -0.126586 1.10501 -0.556831 -0.422511 -0.638629 
-0.877768 -0.234035 -0.98128 -1.85056 0.328635 -0.990928 
0.34855 -1.0753 -0.446665 0.0648593 -0.0476254 -0.939273 
3.07561 1.20468 1.77557 1.19318 1.81154 0.0739174 
0.158861 1.188 0.541268 0.320303 1.35792 -0.193284 
-0.923162 -0.223727 -2.12809 -3.00304 -0.514467 -0.678964 
0.639141 0.25742 -0.925735 0.794654 -1.96794 0.203132 
-1.63308 -1.26922 -0.568096 -0.440326 -0.899574 -0.929716 
-0.851787 -1.62955 -1.25572 -0.187164 -1.49536 0.694469 
-1.40474 -0.314254 -2.04165 -2.32779 1.30842 -2.30866 
-0.195662 -0.635541 0.167899 0.959164 0.368021 -0.865705 
0.43935 -0.0877551 0.320881 -0.99275 -0.732249 1.14116 
0.911272 0.145722 0.988469 1.21565 1.55951 0.795306 
0.323764 -3.29198 0.933381 0.195061 -0.613642 -0.169204 
-0.364342 0.977016 1.04188 2.14212 0.00487955 1.39978 
1.24025 -0.100174 -0.006052 0.0467696 -0.0214507 -0.451431 
-0.236333 -0.622157 -0.018862 -0.680441 -0.804309 0.834725 
-0.204968 -1.30228 0.660989 -1.08045 -0.482522 0.514473 
0.692391 -0.91197 1.86301 0.965469 0.809285 0.38011 
-1.55509 -1.08592 -1.19537 0.885336 -1.23963 -0.153858 
0.416821 -1.49484 -1.34413 -0.0406233 -0.553827 0.0275924 
1.67141 0.673524 -0.0786452 -0.344092 -0.141622 2.02987 
-0.323202 0.621345 0.312271 0.76511 0.765329 1.11292 
1.22944 -0.291433 2.02731 0.158446 0.540209 0.259431 
1.07193 -0.981637 0.231921 -0.180324 0.730165 0.897606 
0.106093 0.0918542 -0.381208 -1.59354 1.05211 -0.954191 
-0.69571 -0.737865 -0.379071 -1.40142 -0.223623 0.579433 
0.752676 -0.344006 0.525281 0.425344 0.170459 0.843257 
1.26144 1.27969 -1.25647 -0.159976 -1.02714 -0.589483 
-1.07374 -1.55023 0.113325 2.00078 0.932575 0.200127 
0.113625 -0.935644 -0.393202 0.627913 -0.889854 -0.208054 
-0.456042 -1.53313 -0.607782 0.0349892 -1.22347 -1.58253 
1.29099 0.651889 1.26023 1.59021 -0.412314 -0.0858156 
1.04189 -0.778337 0.721515 -0.589791 -0.440632 -0.342788 
0.316451 1.73275 0.303256 -1.4556 0.411964 -0.518733 
-1.56259 -1.03663 -0.190913 0.618511 -1.34158 0.164419 
2.14932 0.407664 -1.8622 0.246402 0.62041 0.469448 
-0.499755 1.56539 1.1 -0.96683 1.25876 0.529324 
-0.205199 -0.743091 0.73958 -0.712623 0.709694 -0.0166199 
0.00741691 -1.07729 -0.190702 -0.809661 -1.7131 1.01142 
0.0542601 -0.863738 0.81556 -1.3244 -0.2162 -0.226925 
-0.0514453 -0.285206 -0.279844 1.46897 0.4361 0.0173353 
1.2297 -1.1407 -0.463902 -1.69907 0.192936 -0.449894 
0.360166 -1.35795 0.355259 0.444805 1.03144 0.506493 
0.997276 -0.790295 0.334618 0.0358713 -0.255339 -0.907433 
-0.000270617 1.60238 -1.57297 -0.602638 0.770499 0.747428 
1.13409 1.70618 -0.243897 0.883232 1.21736 -0.0386853 
-0.285133 -0.853246 -1.48661 0.104806 0.0171076 1.18436 
1.86651 0.885701 0.00101752 0.267157 0.79176 0.12575 
0.241639 0.627981 -1.79042 -0.525385 0.0937236 0.905724 
-0.768339 -1.74034 1.19959 0.507495 -1.59778 -1.10155 
-1.53117 -0.447656 -0.654345 -1.03197 1.48946 -0.663574 
0.454322 0.889305 0.374192 1.06742 -1.19162 -0.0418504 
-0.428811 0.678089 0.823693 0.719978 -0.484452 -1.1466 
0.929085 0.221503 -0.126102 0.678872 0.301672 -0.687368 
0.70141 -0.375524 0.128901 1.05196 -0.348882 0.230729 
-0.411004 0.480932 -0.156273 -0.111429 1.12831 0.791622 
1.19585 0.976583 0.74467 1.28941 0.562485 1.44905 
2.3463 -0.55733 1.81141 -0.774685 -0.563963 1.9625 
0.695259 -0.511352 0.56119 0.615337 0.746593 1.10004 
0.726724 0.302267 -0.400478 1.62571 -0.638257 0.711491 
1.50289 0.945294 -0.575508 0.527808 1.45218 1.04978 
1.10786 0.998177 0.469143 0.294264 -0.210049 0.863043 
-0.860089 -0.299544 -0.565391 0.224453 0.578131 -0.293269 
-1.42713 -1.84552 -1.59256 -1.05241 -0.922349 -1.00133 
-1.15016 -0.032198 -0.649666 0.983605 -0.0710033 -0.601161 
-0.824388 -0.0512389 -0.760493 -1.08574 -0.184151 0.426246 
-0.617217 0.669923 -0.546538 -0.432763 -1.97404 -0.202935 
-0.464708 0.41606 -0.0405777 -0.0529038 0.328864 0.656692 
0.409443 0.148481 -0.514935 0.840817 1.26944 0.346115 
-0.0785392 0.993666 -0.278871 -0.621221 0.43013 0.0859796 
0.701026 0.34823 -0.43549 0.894996 -0.59284 0.490601 
0.391256 -0.496803 -0.170612 1.0439 -0.647837 0.102609 
1.44134 1.0218 0.715914 -0.173131 0.656057 -0.0677082 
0.310684 0.633518 0.715328 -1.00091 0.500618 0.851323 
1.36158 0.710872 -0.953698 1.09389 -0.590061 -0.467337 
-1.38775 0.491799 -0.408885 -0.483102 -0.0684532 -2.39584 
0.0925085 -2.05878 -0.0623231 -0.492093 0.411661 -0.289884 
-0.131901 -1.62604 -0.958363 -0.690008 -1.20091 -0.342185 
0.207707 0.592159 -0.199134 0.577145 -0.407014 0.348961 
0.951822 1.49997 0.155149 1.16191 -0.623828 -0.795012 
1.85403 0.333032 1.33108 -0.309432 0.608361 1.41357 
1.04579 0.0934342 0.360201 0.80575 -1.57096 -0.548697 
2.08227 -0.42458 -1.35634 1.13423 0.676578 1.21498 
0.0824129 -0.897996 0.319157 -1.73365 -1.01072 -0.179429 
1.6968 1.13019 0.14601 0.0459801 -1.23748 -0.729808 
-0.395615 1.79719 0.0866548 0.269122 0.235071 0.595223 
-1.02354 0.586743 0.828626 -2.07817 -0.289434 1.0259 
0.497947 0.404253 1.24223 1.95617 1.69043 1.42061 
-1.87228 1.3304 2.12132 0.674211 -0.458691 -0.598096 
-0.463357 -0.133895 0.802911 -0.45382 1.42117 0.820555 
1.72829 0.181366 1.02587 0.65076 -0.704458 1.21664 
0.878334 -0.648057 1.02517 -0.467386 1.00307 0.72259 
-1.00529 1.00116 -0.0928091 -0.232777 0.371841 -0.221655 
-0.0680109 0.469781 -0.0671261 0.206558 -2.29056 0.416474 
1.25536 -0.0842333 -1.00851 0.477594 0.890402 1.45546 
0.22689 -0.0829074 -0.935827 0.0580263 0.773712 -0.350685 
1.17885 -0.584654 0.413969 -0.0435241 -1.05657 -0.780474 
-0.633381 -0.815776 -0.454236 -2.04968 0.0427744 -0.555638 
1.03497 1.23569 0.680504 0.160306 1.46694 0.763646 
-1.4117 -1.77992 -1.36581 0.534626 -1.72245 -0.0336329 
0.00601383 0.289546 -2.83045 0.553564 0.107544 1.85784 
0.511881 -0.0221058 -0.28776 0.0590333 1.65652 0.946081 
-1.3906 -0.940539 0.485667 -0.61874 0.561381 0.425067 
0.666537 1.75516 0.277117 0.54351 1.39254 -0.133738 
0.799368 0.235315 -1.00171 -1.06473 0.536985 -0.353616 
0.967624 0.6506 -0.220051 0.827812 -0.0878109 1.49343 
1.45299 0.782028 0.692551 0.923079 -0.285421 -0.672573 
-0.409425 1.73754 0.972111 1.56282 0.0910053 0.313848 
0.58476 1.02378 0.496315 -1.30226 0.51406 -1.57693 
2.05186 -0.389603 1.63239 -0.274647 0.0867171 -0.480556 
-1.6659 -1.90937 -0.325845 -0.246495 0.375213 0.104793 
-0.501198 1.88884 1.15306 1.36834 -1.56485 -0.744308 
0.255474 0.726003 0.999144 1.45084 0.0832419 0.923418 
-0.327557 0.883379 0.53989 0.786735 -0.403442 2.97758 
-1.4632 1.25635 -0.133123 -0.836038 -0.527454 -0.969021 
1.02987 0.193545 0.592863 -0.120457 0.878057 0.331447 
1.17234 -0.249658 -0.435688 -0.113916 0.640507 -0.295992 
-1.06203 2.13868 1.34643 0.998137 1.06727 -0.463107 
-0.614989 0.60456 0.711022 -1.56577 0.927854 -1.57366 
0.342919 1.70391 0.197888 -1.17466 0.833291 -0.0391939 
0.915429 0.629197 -0.34889 0.133958 1.80186 0.0482539 
-0.843916 -0.481638 1.85933 -0.40054 1.33517 -0.370701 
-0.484572 0.643844 0.616059 -1.17825 0.936434 -0.0449117 
-0.089819 2.54869 0.813983 -0.39151 -0.192559 0.865132 
-1.71155 0.135824 -0.98347 -0.933098 -0.577924 -0.349276 
-0.62998 0.356447 0.772634 -0.132755 0.58668 0.501725 
-0.20664 -1.30995 -0.38444 -0.416817 -0.0489334 -1.0911 
-2.02193 -1.35536 -1.21946 -0.308451 -1.09375 -2.10346 
1.74883 0.173967 0.303739 0.831129 1.44004 0.314659 
-0.560869 1.28232 -0.518922 -0.427454 0.435783 -1.42884 
0.406116 0.99924 -0.430928 -0.946399 0.26853 -1.18391 
-0.660008 -1.76421 -1.74972 -2.50454 0.840586 -1.05461 
-0.109744 -1.5272 -1.13981 0.420766 -1.0556 -0.132586 
-1.50467 -0.030454 -0.534315 0.985554 -1.14877 0.817434 
-0.91738 -0.180807 1.88014 0.897689 -0.671206 1.343 
1.24568 -0.29873 -2.2863 0.337561 -1.18151 0.366681 
0.767061 -0.972732 -1.12938 -0.790979 0.815984 -0.889677 
-0.957922 0.682796 -2.27736 0.417962 -0.210578 -1.14404 
-0.78756 -0.663707 -0.230217 -0.65247 0.0580982 -1.38693 
-1.41761 -0.669827 0.51316 -0.151683 0.196342 -1.05531 
-0.466573 -0.0655912 1.29283 -0.257517 0.947021 -0.848997 
0.730762 -1.93861 -1.89776 -2.21441 -0.737405 -2.79076 
-1.25843 -0.0389734 -1.21871 1.59951 -0.243093 -1.22159 
0.97987 0.376355 1.03383 0.488642 -2.22032 -0.381308 
0.743448 -0.298234 0.772704 0.490696 -0.0199746 0.311803 
-2.10417 -0.163699 -0.786389 -0.0231845 0.167888 0.730597 
0.19216 0.980127 0.206174 0.556376 -1.1484 -1.2856 
0.695127 -0.328877 0.929006 -1.06361 0.722829 -0.0653293 
-0.720744 -0.278317 -0.0114015 -0.641753 -1.88631 -0.416973 
1.28953 0.800511 0.452848 0.989488 0.852992 1.04502 
1.09285 -0.45878 2.45078 0.357502 0.66023 0.402642 
-0.531735 -0.620643 0.326589 0.452182 -0.568735 -0.148197 
0.193675 0.421224 0.281824 0.854699 0.456439 0.22397 
-0.519869 -2.09678 -0.0411433 -0.535323 -1.74721 -0.330575 
