21 21 12 21 21 21 21 12 12 21 12 21 21 12 12 12 12 12 21 21 12 12 21 12 
12 21 21 21 12 21 21 12 21 21 12 21 12 12 12 12 21 12 12 21 12 21 21 21 
12 21 12 21 12 21 21 21 12 12 12 12 21 21 12 12 21 12 12 21 21 12 12 12 
12 21 21 21 12 12 21 12 12 21 12 12 21 12 12 12 12 12 21 21 12 21 12 21 
12 21 12 21 12 21 21 12 12 12 12 21 21 12 12 12 21 12 21 21 12 21 21 21 
12 21 21 21 21 21 21 21 12 12 12 21 21 12 12 21 12 12 12 21 21 12 21 21 
12 21 12 21 21 21 21 21 12 12 12 21 21 21 12 12 12 12 21 21 21 12 12 21 
12 21 12 21 21 21 21 12 21 12 21 21 12 12 21 12 12 21 12 21 12 12 12 21 
12 21 12 21 12 12 12 21 12 21 12 12 12 12 12 21 12 21 21 21 12 12 12 21 
12 21 21 21 12 12 12 21 12 21 21 21 12 21 12 21 12 12 12 21 21 12 21 21 
12 12 12 12 21 12 12 12 12 12 12 12 12 12 21 21 12 21 21 12 21 12 21 21 
12 21 21 12 12 21 21 12 12 21 12 12 12 12 21 12 21 21 21 21 12 21 12 21 
12 21 12 12 21 21 12 12 21 21 21 21 12 12 21 12 12 21 21 21 12 12 12 21 
21 21 12 21 12 12 21 21 12 12 12 12 21 12 21 12 12 21 12 21 21 21 21 21 
12 21 21 21 12 21 21 12 12 12 12 21 21 12 12 21 12 21 21 21 12 21 12 21 
12 21 12 21 12 12 12 12 21 12 12 21 12 12 21 12 12 21 12 21 21 12 12 21 
12 21 21 21 12 21 12 12 21 12 12 12 12 21 12 21 12 12 12 21 21 21 12 21 
12 21 21 21 12 12 12 21 12 21 12 21 21 12 12 12 12 21 21 21 21 12 12 21 
21 12 21 21 12 21 21 12 12 21 12 21 21 12 12 12 21 12 21 12 21 12 21 21 
21 21 12 12 21 12 21 12 12 21 12 12 12 21 21 12 21 21 12 21 12 12 12 21 
12 21 21 12 12 12 21 21 21 12 21 21 12 12 21 12 12 21 12 21 21 12 12 21 
21 21 12 21 12 21 21 21 12 12 12 12 21 21 12 12 12 12 21 21 21 12 21 21 
12 12 12 21 12 12 21 21 12 12 21 12 12 21 21 21 12 21 21 12 21 12 21 21 
21 21 21 21 21 21 21 21 12 12 12 12 21 12 12 12 12 21 21 12 21 12 12 21 
21 12 21 12 12 12 12 21 12 21 12 21 12 21 21 21 21 12 21 12 21 12 21 21 
21 21 21 21 21 21 21 12 12 12 21 21 12 12 21 12 12 12 12 21 21 12 12 12 
12 21 21 21 21 21 21 21 12 21 12 21 12 12 12 21 21 12 21 21 12 12 21 12 
21 21 21 21 21 21 21 21 12 12 12 12 21 12 21 12 12 21 21 21 21 12 12 21 
12 21 21 21 12 21 21 21 12 21 12 21 12 12 12 12 21 12 21 12 21 21 21 21 
21 21 21 12 12 12 21 12 21 21 12 12 12 12 12 12 21 21 21 21 21 12 21 21 
12 21 12 21 12 21 12 21 12 12 12 21 21 21 21 12 12 12 21 21 21 21 21 21 
12 21 21 21 21 21 21 21 12 21 12 21 12 12 12 21 21 12 21 12 12 21 12 21 
12 21 12 12 12 21 21 12 21 21 21 21 12 12 21 12 21 21 21 21 12 12 21 21 
12 21 12 12 21 21 21 12 12 21 21 12 21 12 21 12 21 12 21 21 21 21 21 21 
12 21 12 21 12 21 21 21 12 21 21 21 12 21 21 12 12 21 12 21 12 21 12 21 
12 21 21 21 12 21 21 12 12 21 21 21 12 12 12 12 12 21 21 21 12 21 12 21 
12 21 12 21 12 12 21 21 21 21 12 12 21 12 12 12 12 21 21 21 21 12 12 12 
21 21 12 12 21 12 21 12 12 21 21 12 21 21 21 12 21 21 21 12 21 12 12 21 
21 21 12 21 21 21 21 21 12 12 12 21 21 12 12 12 12 12 21 21 21 12 21 21 
12 21 21 12 12 21 12 12 21 21 12 21 12 12 12 12 21 21 12 21 12 21 12 21 
21 21 12 21 12 21 21 21 12 21 12 21 21 21 12 12 21 21 21 12 12 21 21 21 
12 21 21 21 12 12 12 12 21 12 12 21 12 12 12 12 12 21 21 21 12 12 12 21 
21 21 12 21 12 12 21 21 12 21 12 12 21 21 21 12 21 12 21 12 21 12 12 21 
12 12 21 21 12 21 21 21 12 21 12 21 21 21 12 12 12 12 21 12 12 21 21 12 
12 21 12 12 21 21 12 21 12 21 21 21 21 12 12 21 12 21 21 21 21 21 12 21 
12 12 12 21 21 21 21 21 12 12 12 21 21 21 12 21 12 12 21 12 21 12 12 12 
12 21 12 21 21 21 21 21 12 21 12 12 12 12 12 21 12 21 21 12 21 21 21 12 
21 21 12 21 21 12 21 21 12 12 12 21 12 12 12 12 12 12 21 21 21 12 12 21 
12 12 21 21 21 12 12 21 12 12 21 21 12 21 21 21 12 12 21 12 12 21 21 21 
12 12 21 12 21 21 12 12 12 21 21 21 21 21 21 12 21 12 21 21 12 12 12 21 
12 21 12 21 21 21 12 12 12 21 21 12 21 12 21 21 12 21 21 21 12 12 12 21 
12 21 21 21 21 21 12 21 12 12 21 21 12 21 21 21 12 21 12 21 12 21 12 21 
12 21 21 21 21 21 12 21 12 12 12 21 12 12 12 21 12 12 12 12 21 12 12 21 
12 21 12 12 21 21 21 21 12 12 12 21 12 12 12 21 21 12 21 12 12 21 12 21 
21 12 12 21 21 21 21 21 12 12 12 12 21 12 12 12 12 12 21 21 21 12 12 12 
12 21 12 21 12 21 21 12 12 21 12 12 21 12 12 12 12 12 12 21 21 12 12 21 
12 21 12 12 21 21 12 12 12 21 12 21 21 12 21 12 21 21 21 21 12 21 12 21 
12 21 21 21 12 21 12 21 12 12 12 21 21 12 12 12 12 12 12 21 21 21 21 21 
12 21 12 12 12 21 12 12 12 12 12 12 12 12 12 21 12 21 21 21 12 21 12 21 
21 21 21 21 21 21 21 21 12 21 21 12 12 12 12 12 21 12 12 21 12 12 21 21 
12 21 21 12 21 21 21 12 12 21 12 12 21 12 12 21 21 21 21 21 12 21 21 21 
12 12 21 12 12 21 21 21 12 12 12 21 12 12 21 12 21 12 21 12 12 12 12 21 
12 21 12 21 21 21 21 12 12 12 12 21 12 12 12 12 21 21 21 21 12 21 12 21 
12 21 12 12 21 21 12 12 12 12 21 21 12 12 12 12 21 12 12 21 12 21 21 21 
21 21 21 21 21 12 21 21 12 12 12 12 21 21 12 12 21 21 21 21 21 12 21 21 
12 21 12 12 21 21 21 12 12 21 21 21 12 21 21 21 12 12 21 21 21 12 21 21 
12 12 21 21 12 21 12 21 12 12 12 21 21 12 12 21 21 12 21 12 12 21 12 21 
21 21 21 21 12 12 12 21 12 12 21 12 21 12 21 21 12 21 12 12 21 12 12 21 
12 12 21 12 12 21 12 12 21 21 21 12 12 21 12 12 12 21 12 21 12 21 21 21 
12 21 12 12 21 21 21 12 21 21 21 12 12 12 12 12 12 21 12 21 21 21 12 12 
12 21 12 21 12 21 21 21 12 12 12 21 21 21 12 21 12 12 12 21 21 21 21 12 
12 21 21 12 12 21 21 12 12 21 21 21 12 21 12 12 12 21 21 21 12 21 12 21 
21 21 21 21 12 12 21 12 12 12 12 21 21 21 21 12 12 12 21 21 21 12 12 21 
12 12 21 21 12 21 12 21 12 21 12 12 12 12 12 21 21 12 21 21 21 21 12 21 
12 21 21 21 12 21 21 21 12 21 12 12 21 21 12 12 12 12 21 21 21 12 21 21 
12 21 21 12 21 21 12 12 21 21 21 12 12 12 21 12 21 21 12 21 12 21 21 21 
12 21 12 12 21 21 21 12 12 21 12 12 12 12 12 21 21 21 21 21 12 21 12 21 
12 21 21 21 21 21 21 21 12 21 12 21 21 12 12 21 21 12 21 21 21 21 21 21 
12 21 21 21 12 12 21 21 21 21 21 12 21 12 21 12 12 21 21 21 21 12 12 21 
12 12 12 21 12 21 12 12 12 21 12 21 12 21 21 21 21 21 21 12 12 12 21 21 
21 21 12 21 12 21 12 12 12 21 12 21 21 12 12 12 21 12 21 21 21 21 21 21 
12 21 12 21 12 21 21 12 12 12 12 12 12 12 12 12 12 12 12 21 21 21 12 21 
12 21 12 21 21 21 21 21 12 12 12 21 12 21 21 12 21 21 21 12 12 21 12 21 
12 21 21 21 12 21 21 12 12 21 12 21 21 21 12 21 12 12 12 21 12 12 21 21 
21 21 12 21 12 21 21 21 12 21 12 21 21 12 12 12 21 21 21 21 21 12 21 21 
12 21 12 21 21 21 21 12 12 21 12 12 12 12 12 12 21 21 21 21 12 21 12 12 
12 21 12 21 12 12 12 21 12 12 12 21 21 12 21 12 12 21 12 21 12 12 12 21 
12 21 12 21 21 12 21 21 21 12 21 12 12 12 21 12 12 21 12 21 21 12 21 21 
12 21 21 21 12 21 21 21 12 12 12 12 12 12 21 12 12 21 21 21 12 12 12 21 
12 21 12 21 21 21 21 21 12 21 12 21 12 12 12 12 21 21 12 21 21 12 12 21 
12 21 21 12 21 21 21 21 12 21 12 21 21 21 12 12 21 21 21 21 21 12 21 21 
12 21 12 12 21 21 21 21 12 21 21 21 12 21 21 12 21 21 21 21 12 21 21 21 
12 21 21 21 12 21 21 21 12 21 12 21 12 21 12 12 21 12 21 21 12 12 21 21 
12 21 12 12 21 21 21 12 21 21 21 12 12 12 21 12 21 12 12 21 12 21 21 21 
21 21 12 21 21 21 21 21 12 21 12 12 12 12 12 12 21 12 21 12 21 12 21 21 
12 21 21 21 21 12 21 21 12 12 12 12 21 12 12 21 21 12 21 21 21 12 12 21 
12 21 12 21 12 21 12 21 21 12 21 21 12 12 21 21 12 21 21 21 12 12 12 21 
12 21 21 12 12 21 21 21 12 21 12 12 12 12 12 21 21 21 21 21 12 21 12 21 
12 12 12 12 21 21 21 12 12 21 12 21 21 12 21 21 21 21 21 21 21 21 21 21 
21 21 21 21 12 21 21 12 12 21 12 21 21 21 12 12 21 12 21 21 12 21 21 21 
12 12 12 21 12 21 12 12 12 21 12 21 12 21 12 12 21 21 21 12 12 21 21 21 
12 21 21 21 21 21 21 12 12 12 21 21 21 21 21 12 21 21 12 21 12 12 21 21 
12 21 21 21 12 12 12 21 12 21 12 21 12 12 12 12 21 12 12 21 12 21 21 21 
21 21 12 21 12 21 21 12 12 12 12 12 12 12 12 12 12 12 21 21 21 12 12 21 
12 21 12 12 21 21 21 21 12 21 21 21 12 21 21 12 12 21 12 21 12 21 21 21 
12 21 12 21 12 21 21 21 12 12 12 21 21 21 12 21 12 12 12 12 21 21 12 12 
12 12 12 21 12 12 12 12 12 12 12 12 12 12 21 12 12 21 21 21 21 12 12 21 
12 21 12 21 21 21 21 21 12 21 21 21 21 21 21 12 21 12 21 21 12 12 21 12 
12 21 21 12 12 12 12 12 12 21 21 21 21 21 21 21 12 21 12 21 12 12 21 21 
12 21 12 21 21 21 21 12 12 12 12 21 12 21 21 21 12 21 12 21 21 21 12 21 
12 21 12 12 12 12 21 12 21 21 21 12 12 12 21 21 21 21 12 21 12 21 21 21 
21 21 21 21 21 21 21 21 12 12 12 21 12 12 12 12 12 21 21 12 21 12 12 21 
12 21 12 12 21 21 21 21 21 21 21 12 12 21 12 12 21 12 12 21 21 12 21 21 
12 21 21 21 12 12 21 12 21 12 21 12 12 21 12 21 12 21 12 21 21 12 12 21 
12 21 12 21 12 21 12 12 12 12 21 21 12 12 21 12 12 12 21 21 12 12 21 21 
21 21 12 21 21 21 21 21 12 21 12 21 21 12 12 12 12 12 21 21 21 21 12 21 
21 21 12 21 21 12 21 21 12 12 12 21 21 12 12 12 12 12 21 12 21 12 12 12 
21 21 12 21 12 21 21 21 12 12 12 12 12 12 12 12 12 12 12 21 21 12 12 21 
12 21 21 12 12 12 21 21 12 21 12 12 12 21 12 12 21 12 21 21 21 12 21 21 
21 21 21 12 21 21 21 21 12 21 21 21 12 21 21 21 21 12 21 12 21 21 21 12 
12 21 21 21 21 12 12 12 12 21 21 21 12 21 12 12 21 12 21 21 12 21 21 21 
21 21 12 21 12 21 21 21 12 12 12 21 21 21 12 21 21 21 21 12 12 21 21 21 
12 12 12 21 21 21 21 21 12 12 12 12 12 12 21 12 12 12 21 21 21 12 12 21 
12 21 12 12 21 21 21 12 12 21 21 12 21 21 21 12 21 21 12 21 12 12 12 21 
21 21 21 21 21 21 21 12 12 21 12 21 12 12 12 21 21 12 21 12 12 21 21 21 
12 21 12 21 21 21 12 21 21 21 21 21 12 12 12 21 21 12 12 21 12 21 21 21 
12 21 21 12 21 12 12 12 12 21 21 21 12 21 12 21 21 12 21 12 12 12 21 21 
12 12 21 12 21 21 12 21 12 21 12 21 21 12 12 12 21 12 21 21 12 12 21 21 
12 21 21 21 21 12 12 12 21 12 21 21 12 12 21 12 21 12 21 21 12 12 12 21 
21 21 21 21 12 21 21 21 12 12 12 21 21 12 12 21 12 12 12 21 21 21 21 21 
21 21 12 21 21 21 21 21 12 21 12 21 21 21 21 21 21 12 12 21 21 12 21 12 
12 21 12 12 12 21 21 12 12 21 21 12 21 21 21 12 21 21 21 21 21 12 21 21 
12 12 12 12 12 12 12 21 12 21 12 21 21 12 12 21 21 21 21 21 12 12 21 21 
12 21 21 21 21 21 21 12 12 12 12 21 21 21 12 12 21 12 21 12 21 21 21 21 
12 21 12 12 21 21 21 21 12 12 21 12 12 12 21 12 12 21 12 21 12 21 21 21 
12 21 12 12 21 21 12 21 12 12 12 12 12 21 12 21 12 21 21 21 12 21 12 21 
12 21 12 21 21 21 21 12 12 21 21 12 12 21 21 21 12 21 21 21 21 12 12 21 
12 21 21 21 12 21 12 12 12 21 12 21 12 12 12 12 21 12 21 21 12 21 21 21 
21 21 21 21 12 21 12 12 12 12 12 21 21 12 12 21 21 12 21 12 12 21 12 21 
12 21 21 12 12 21 12 12 12 21 21 12 12 12 21 21 21 21 21 21 12 21 21 21 
21 21 12 21 21 21 21 12 12 12 12 21 12 12 12 21 21 12 12 21 21 21 12 21 
12 21 12 12 21 21 21 21 12 12 12 21 21 21 12 21 21 12 21 21 12 12 21 12 
12 21 12 12 12 12 12 12 12 12 21 21 12 12 21 21 12 21 12 21 12 12 12 21 
21 21 21 12 12 12 12 12 12 21 21 12 21 12 21 12 12 21 12 12 12 12 21 21 
12 21 12 21 12 21 21 21 12 12 12 21 21 21 12 12 21 12 21 12 21 12 21 12 
21 12 12 21 12 21 21 12 12 21 12 21 21 12 12 12 12 12 21 21 12 21 21 21 
21 12 12 12 12 12 21 21 12 21 12 12 12 21 21 21 21 12 21 12 21 21 21 21 
12 21 12 21 21 12 21 12 12 21 21 12 12 21 21 12 12 12 12 21 21 21 21 21 
12 21 21 21 12 12 12 12 21 21 12 12 21 12 12 21 21 12 12 21 12 21 12 21 
21 21 12 12 21 21 21 21 12 21 12 21 21 21 21 21 12 12 21 21 21 12 21 12 
12 21 21 21 12 21 21 21 21 12 12 21 12 12 21 12 21 21 21 21 12 21 12 21 
12 21 21 21 21 21 21 21 12 21 12 21 21 21 12 12 21 12 21 21 21 21 21 21 
12 21 12 12 21 21 21 21 12 12 12 21 21 21 12 12 12 21 21 21 21 12 12 21 
12 21 21 21 12 12 12 12 12 12 21 12 21 12 21 21 12 21 21 21 21 21 12 21 
21 21 21 21 21 21 21 21 12 12 12 12 21 12 12 12 21 12 21 12 21 12 12 21 
12 21 21 21 12 12 12 21 12 12 12 12 12 21 21 12 21 12 12 21 21 12 21 21 
12 21 21 21 12 21 21 21 12 21 12 21 21 12 12 21 21 12 21 12 12 21 21 21 
21 21 21 21 12 21 21 21 12 12 12 21 21 21 12 12 12 12 12 21 21 12 21 21 
12 21 21 12 12 21 21 12 21 21 21 12 12 12 21 12 21 21 12 21 12 21 21 21 
12 21 12 21 12 21 21 21 12 21 12 21 12 12 21 12 21 21 21 21 12 12 12 21 
12 21 12 21 12 21 12 21 12 12 12 21 21 12 12 12 12 12 21 21 21 21 21 21 
12 21 21 21 12 12 12 12 12 12 12 21 21 12 12 21 21 21 21 12 12 12 12 21 
12 21 12 21 21 21 21 12 12 12 12 12 12 12 21 21 12 12 21 21 21 21 12 12 
12 21 12 12 21 21 21 21 12 12 21 21 21 12 21 12 12 12 21 21 21 21 12 21 
12 21 12 12 12 12 21 21 12 21 12 12 12 12 12 21 12 12 21 21 21 12 12 21 
12 21 12 21 21 21 21 12 12 12 12 12 21 12 21 12 21 12 12 21 21 12 21 21 
12 21 21 21 12 12 12 21 12 12 12 21 21 12 21 12 21 21 21 12 21 21 12 21 
12 21 21 21 12 12 21 21 12 12 12 21 21 21 21 21 12 21 12 21 21 21 12 21 
12 21 21 12 12 12 12 21 12 12 21 12 21 12 21 12 12 21 12 21 21 12 12 12 
12 21 12 12 12 21 21 12 12 21 21 12 21 12 12 12 21 21 21 21 21 12 21 21 
12 21 12 21 21 21 21 21 12 12 12 12 21 12 21 12 12 12 12 21 21 12 12 12 
12 21 12 21 12 21 21 12 12 21 12 21 21 12 12 21 21 12 21 21 21 21 12 21 
21 21 21 21 12 21 21 21 12 12 12 21 21 12 12 12 12 12 21 12 21 21 21 12 
12 21 12 21 12 21 12 12 21 12 12 12 12 12 12 21 12 21 21 21 12 12 12 21 
12 21 12 21 12 21 21 21 21 21 12 12 21 12 21 12 12 12 21 21 21 12 12 21 
12 21 12 21 12 21 21 12 12 12 12 12 21 12 12 12 12 21 21 21 21 12 12 21 
12 21 12 21 12 21 21 21 12 12 12 21 21 12 21 21 12 12 21 12 21 21 21 12 
21 21 12 21 12 21 21 21 12 21 12 21 12 12 21 12 12 12 21 21 21 12 21 21 
21 12 21 21 21 21 21 21 12 12 12 21 12 12 12 21 21 12 21 12 21 12 12 21 
12 21 12 12 21 21 21 21 12 12 12 21 12 12 21 12 21 12 21 21 12 21 12 21 
21 21 12 12 21 12 21 21 12 21 12 12 21 12 21 12 12 12 21 12 21 12 12 21 
12 21 12 21 21 21 21 21 12 12 21 12 21 21 21 21 21 21 21 21 21 12 21 21 
12 21 21 12 21 21 12 21 12 12 21 21 21 21 21 12 21 12 21 21 12 12 21 21 
12 21 12 12 21 21 21 21 12 12 12 21 12 21 12 12 21 21 21 21 12 21 21 21 
12 12 12 21 21 12 12 21 12 12 12 21 21 12 21 12 12 21 21 21 12 12 12 21 
21 21 12 12 21 12 21 21 12 21 12 12 12 12 21 12 21 12 21 21 12 12 21 21 
12 21 12 21 12 12 12 21 12 12 12 21 21 12 21 21 21 21 21 21 21 21 12 21 
12 21 21 21 21 12 21 21 12 21 12 12 12 12 12 21 21 12 21 21 21 12 21 21 
12 21 12 12 12 12 21 12 21 21 12 12 12 12 12 21 21 12 21 21 21 21 21 21 
21 21 21 21 12 21 21 21 21 21 21 21 12 12 21 12 12 12 21 21 21 12 12 21 
12 21 12 21 21 21 21 21 12 12 12 21 21 21 21 12 21 21 21 21 12 12 12 21 
12 21 12 21 21 21 12 12 12 12 21 21 12 21 21 12 21 12 21 21 12 21 21 21 
12 21 12 12 12 12 12 12 12 21 12 12 21 12 21 21 21 21 21 21 21 21 21 21 
12 21 21 21 21 21 21 21 12 21 12 21 21 21 12 12 12 12 12 21 21 21 12 12 
21 12 21 21 12 12 12 12 12 12 12 12 12 12 12 12 12 12 21 12 12 12 12 12 
12 12 12 21 12 12 21 21 12 21 12 21 21 12 12 21 21 12 21 21 12 21 21 21 
21 21 21 21 12 12 12 21 12 21 12 21 21 12 21 12 21 21 21 21 21 21 12 21 
12 21 21 21 12 21 21 21 21 12 12 21 12 12 12 12 12 21 21 21 21 21 12 21 
12 21 21 21 12 21 21 12 12 21 21 12 12 12 12 12 12 21 12 21 12 21 21 21 
12 21 12 12 12 21 12 12 21 12 21 21 12 12 21 12 21 12 12 21 12 12 21 21 
12 21 12 21 21 12 21 21 12 21 21 21 21 21 21 12 12 12 12 21 21 12 21 21 
12 21 12 12 21 12 12 12 12 21 21 21 21 21 21 21 12 21 21 21 21 12 21 21 
12 21 21 21 12 21 12 12 21 21 12 12 12 12 12 21 21 21 12 21 21 21 12 21 
21 21 21 12 21 21 21 21 12 21 12 12 21 21 12 12 21 21 21 12 12 12 21 21 
12 21 12 21 12 21 12 12 12 12 21 21 21 21 21 12 21 21 12 21 12 21 21 21 
12 21 12 12 12 21 12 12 21 12 21 21 12 21 12 21 21 21 12 21 12 21 21 21 
12 21 21 21 12 12 21 21 21 12 12 12 21 12 21 21 12 12 12 12 21 12 21 21 
12 21 12 21 12 12 21 21 12 21 12 12 21 12 12 12 21 12 21 21 21 12 12 21 
12 21 12 12 21 21 12 12 21 12 21 21 12 12 21 12 21 21 12 21 12 21 12 21 
12 21 21 21 21 21 12 21 12 12 12 21 12 12 21 12 12 21 12 21 12 21 12 12 
21 12 21 21 12 12 21 21 21 12 12 12 21 12 21 12 12 21 21 21 21 12 12 21 
21 21 21 21 21 21 21 21 12 21 12 21 21 12 12 12 12 12 21 21 21 12 12 21 
21 12 12 12 21 21 21 21 12 21 12 21 21 21 12 12 21 12 21 12 12 12 21 21 
12 21 12 12 12 21 12 12 12 21 21 21 21 21 21 21 21 12 21 12 12 21 21 21 
12 21 12 21 12 21 21 21 21 21 12 21 21 12 12 12 12 21 21 21 21 12 12 21 
12 21 12 21 21 12 21 12 12 21 12 12 21 21 21 12 21 12 21 21 21 12 12 21 
21 21 21 12 12 21 12 12 21 21 21 12 12 12 12 12 21 12 21 21 12 12 21 21 
12 21 12 21 12 21 21 12 12 21 12 12 12 12 12 12 12 21 21 21 21 21 12 12 
21 21 21 21 12 12 21 21 12 12 12 12 12 12 21 12 12 12 21 21 12 12 21 12 
21 21 12 12 12 21 21 21 12 21 21 21 12 12 21 12 12 21 21 21 12 12 12 21 
12 21 21 21 21 21 21 21 12 21 12 21 21 21 12 12 12 12 12 21 12 21 21 21 
21 21 12 21 12 12 21 21 12 21 12 21 21 21 21 21 21 21 21 21 21 12 21 21 
21 21 21 21 12 21 21 21 12 21 12 12 21 12 12 21 21 12 21 21 21 12 21 21 
12 21 12 21 12 21 21 12 12 21 12 21 21 21 12 21 21 12 21 21 12 12 21 21 
12 12 12 12 21 21 12 12 21 12 12 21 21 21 12 12 21 21 21 12 12 21 21 21 
12 21 12 21 12 21 21 21 12 21 12 12 12 12 12 12 21 12 21 21 12 12 12 21 
12 21 12 12 12 21 12 21 12 12 21 21 21 21 21 12 21 12 12 21 12 21 12 21 
12 21 21 21 21 12 12 12 12 21 21 21 21 21 21 12 21 21 12 21 12 21 21 21 
12 12 12 12 21 12 12 21 12 12 12 21 21 12 12 12 21 21 21 21 12 21 21 21 
21 21 21 21 12 21 21 21 12 12 12 21 21 21 12 12 21 12 21 12 21 21 12 12 
12 21 21 12 12 12 12 12 21 21 12 12 12 12 12 12 21 12 12 21 21 12 21 21 
12 21 12 12 21 12 12 12 21 12 21 21 12 21 12 12 21 21 21 21 12 12 12 21 
12 12 12 21 12 21 21 21 12 12 12 12 21 12 21 21 12 21 21 21 21 21 12 21 
21 21 12 12 21 21 21 12 21 12 21 21 12 12 21 12 12 21 12 21 21 21 12 12 
21 21 21 12 21 21 21 21 12 21 12 21 12 12 21 21 21 12 21 21 12 12 21 21 
21 21 12 12 21 21 21 12 21 12 12 12 12 12 12 21 21 21 21 21 21 12 12 21 
12 21 12 21 21 21 21 21 12 21 12 21 21 12 21 12 12 21 21 21 12 21 21 12 
21 21 21 21 12 21 12 21 12 21 12 21 21 21 12 21 12 12 21 21 21 21 21 12 
12 21 12 12 12 21 21 12 12 21 21 21 12 12 21 12 21 21 21 21 12 12 21 21 
21 12 21 21 21 21 21 21 12 21 12 12 12 12 12 12 21 12 21 21 21 12 12 21 
12 12 21 21 12 21 21 21 21 21 12 12 12 12 12 21 12 21 21 12 21 21 12 21 
12 21 12 21 21 21 12 12 12 12 12 21 12 12 21 12 12 12 21 21 21 12 12 21 
21 21 21 21 12 12 12 12 12 21 12 12 21 12 12 12 21 12 21 21 12 12 21 21 
12 21 21 21 12 21 21 21 12 12 12 21 21 12 12 21 12 12 21 21 21 21 12 12 
21 21 12 21 12 21 12 12 12 21 12 21 21 21 12 12 12 12 21 21 21 12 12 12 
12 21 12 21 12 12 21 12 12 12 12 21 12 12 21 12 21 21 21 21 21 12 12 21 
12 12 21 21 12 21 21 21 12 12 12 12 12 12 12 12 21 12 21 21 21 12 12 21 
12 21 12 21 12 21 21 12 12 12 21 21 21 12 12 12 12 21 21 21 21 12 12 21 
21 21 12 12 12 12 12 12 21 21 21 12 12 12 21 21 12 21 21 21 12 21 12 21 
12 21 21 12 21 21 21 12 21 21 12 12 12 12 21 12 21 21 21 21 12 12 12 21 
21 12 12 21 12 21 21 21 12 21 12 12 21 21 12 21 21 21 21 12 21 21 21 21 
12 21 12 12 21 21 21 12 12 21 21 21 21 21 21 12 12 12 21 21 21 21 21 12 
21 21 12 21 12 21 21 21 12 12 12 12 21 12 21 12 12 12 21 12 21 12 21 12 
12 21 12 21 21 21 21 21 12 12 12 21 21 12 12 21 12 12 12 12 21 21 21 12 
21 12 12 21 21 21 21 21 21 21 12 12 12 12 12 21 21 21 21 12 21 12 12 21 
12 21 21 21 21 12 21 21 12 12 21 12 12 12 21 12 12 21 21 21 21 12 12 21 
12 21 21 21 21 21 12 12 12 21 12 21 12 12 12 12 12 12 21 21 12 21 21 21 
12 21 12 12 21 21 12 21 21 21 21 21 12 12 21 12 12 12 21 21 12 21 12 21 
12 21 12 21 12 21 21 12 12 12 12 12 12 12 12 21 21 21 12 12 21 12 21 21 
12 21 12 12 21 12 12 12 12 21 12 21 12 21 21 12 21 21 21 21 12 21 21 21 
12 21 12 21 21 12 21 12 12 21 21 21 12 12 12 12 21 12 12 21 21 12 12 21 
12 21 12 21 12 21 12 21 12 12 12 21 21 21 12 12 12 12 21 12 12 21 12 21 
21 21 21 21 12 21 12 21 12 12 12 21 12 12 12 21 12 12 12 21 21 21 12 21 
12 12 12 12 21 21 12 21 12 21 21 12 12 21 12 21 12 21 12 12 21 21 12 21 
12 21 21 21 21 21 21 21 12 12 12 21 21 21 21 21 12 21 21 12 21 21 21 12 
12 21 12 21 21 21 21 21 12 21 12 21 12 12 21 21 12 12 12 21 21 12 12 21 
12 21 21 12 12 21 12 12 21 21 21 21 21 12 12 12 21 21 12 21 12 12 21 21 
21 12 12 12 12 21 12 12 12 21 12 21 12 12 12 12 21 21 21 21 21 21 12 21 
12 12 21 21 21 21 12 12 12 12 21 21 21 12 12 21 21 21 12 21 21 12 12 21 
12 21 21 21 21 21 21 21 12 12 12 21 12 12 12 12 12 21 12 21 21 21 12 21 
12 21 21 21 12 12 21 21 12 12 12 12 12 12 12 12 21 12 12 21 21 21 12 21 
12 21 21 21 12 21 21 21 12 12 12 21 21 21 12 12 12 12 21 21 12 21 21 21 
12 21 12 21 12 21 12 12 12 12 21 21 12 12 21 12 12 21 12 21 12 21 21 21 
12 21 12 12 12 12 21 12 12 21 21 21 21 12 12 21 21 12 12 21 12 21 21 21 
12 21 12 12 21 21 21 12 21 12 21 21 12 21 21 12 12 21 21 12 21 21 12 21 
21 21 12 12 21 12 21 12 12 21 21 21 12 21 21 12 12 21 12 21 21 12 21 12 
12 12 21 21 21 21 21 21 12 21 21 12 21 21 21 12 12 12 12 21 21 12 21 21 
12 21 12 12 21 21 12 21 12 21 21 21 21 21 12 21 21 21 12 21 12 21 21 21 
12 21 12 21 12 12 12 12 12 21 12 21 12 12 12 12 12 12 12 21 21 12 12 21 
12 21 21 21 12 21 21 12 12 21 12 21 12 12 21 12 21 12 21 21 12 21 21 21 
21 21 12 21 21 21 21 21 12 21 21 21 12 21 21 12 12 12 21 12 21 12 21 12 
21 21 21 12 21 21 21 21 21 12 21 21 12 12 12 21 21 21 21 21 12 12 12 21 
21 21 21 12 21 12 12 12 12 21 12 12 12 12 12 21 21 12 21 21 12 21 12 21 
12 21 21 21 12 21 12 21 12 21 12 12 12 12 12 12 12 12 21 21 21 21 12 21 
21 21 21 21 12 21 21 21 12 12 12 21 21 12 12 21 12 12 21 21 12 21 21 12 
12 12 21 21 12 12 21 21 12 12 12 12 21 21 12 21 12 12 12 12 21 21 12 21 
12 21 12 12 21 21 21 12 12 12 21 12 12 21 21 12 12 21 21 21 21 21 12 21 
21 21 21 21 12 21 21 12 12 12 12 21 12 12 21 12 12 21 12 21 21 21 12 21 
12 21 12 21 12 21 12 12 21 12 21 12 12 21 21 12 12 21 21 21 21 12 12 21 
21 21 21 21 12 12 21 21 12 12 12 21 12 12 12 12 12 12 12 21 21 12 12 21 
12 21 12 21 21 21 21 12 12 21 12 21 12 12 21 21 21 21 21 21 12 21 21 12 
12 21 12 12 21 12 12 12 21 21 21 21 12 12 21 12 21 21 21 21 12 12 21 12 
12 21 12 21 21 21 12 21 21 12 21 21 12 12 21 21 21 12 21 21 21 21 12 12 
12 21 12 12 21 12 21 12 21 21 21 12 21 12 21 12 21 21 12 21 12 12 12 21 
12 21 21 12 21 21 21 12 12 12 12 12 12 12 12 21 21 12 21 21 12 21 21 12 
21 21 21 21 12 12 21 21 12 12 12 21 21 21 21 12 12 12 21 12 21 12 12 21 
21 12 21 21 12 21 21 21 21 12 12 12 21 12 12 12 12 21 21 12 21 21 12 12 
21 21 21 12 12 21 21 12 12 21 21 21 12 21 21 12 12 12 12 21 12 12 21 21 
12 21 12 12 12 12 21 12 12 21 12 12 12 21 21 21 21 12 21 12 12 12 21 21 
12 21 12 12 21 21 12 21 12 21 21 12 12 12 12 12 21 12 12 21 21 12 21 21 
12 21 21 12 21 21 21 12 12 12 21 12 12 21 21 12 21 21 21 21 21 21 12 21 
12 21 12 21 12 12 12 21 12 12 12 12 12 12 21 12 12 21 21 21 12 21 12 21 
12 21 21 12 21 21 12 12 12 21 21 21 12 21 21 12 21 21 12 21 12 21 21 21 
12 21 21 21 12 21 12 21 21 12 12 21 12 12 12 21 12 12 12 21 12 12 21 21 
12 21 12 21 21 21 12 12 12 12 21 21 12 12 21 12 12 21 12 21 12 21 12 21 
12 21 12 12 21 21 21 12 12 12 21 21 12 21 12 21 12 21 12 21 12 21 21 21 
12 21 12 21 21 21 21 12 21 21 21 21 12 12 21 12 21 21 12 21 12 12 12 21 
21 21 21 12 12 21 12 12 12 21 21 21 12 12 12 12 21 21 12 21 12 12 21 21 
12 21 21 21 12 21 21 21 12 12 12 21 21 12 21 12 12 21 21 12 21 12 12 21 
21 21 12 21 12 21 21 21 12 12 12 21 21 21 12 12 12 12 21 12 21 12 21 12 
21 21 12 12 21 12 21 21 12 21 12 12 21 12 21 12 21 12 21 21 12 12 21 21 
12 21 12 21 12 21 21 21 12 21 12 12 21 12 12 12 21 21 21 21 12 21 21 21 
21 21 12 21 12 21 21 21 12 21 12 21 21 12 12 12 12 12 21 21 12 21 21 12 
12 21 12 12 12 21 12 21 12 21 12 21 21 21 12 21 21 12 21 21 12 12 12 21 
12 21 12 12 21 21 21 12 12 21 21 12 12 12 21 12 12 21 21 21 12 12 12 21 
12 21 21 21 12 21 21 12 12 21 12 21 12 12 12 12 21 12 21 21 21 21 21 21 
21 21 21 12 12 21 12 12 12 12 21 21 21 12 21 12 12 21 12 21 12 21 21 21 
21 21 12 21 12 21 21 12 12 12 21 21 12 12 21 12 21 21 12 21 21 12 21 21 
12 21 12 21 12 21 21 12 12 21 21 12 12 12 12 21 21 21 21 21 21 21 21 21 
12 21 21 21 12 21 12 12 12 21 12 12 12 12 12 21 21 12 21 21 12 12 21 21 
12 21 12 12 21 21 21 12 12 21 21 21 21 21 21 12 21 12 21 21 21 12 21 21 
21 21 21 12 12 12 21 21 12 12 12 12 21 12 12 12 21 21 21 12 12 12 21 21 
12 21 12 21 12 21 21 12 12 12 12 21 12 12 21 12 12 21 12 21 21 12 12 21 
12 21 21 21 21 21 21 21 12 21 12 21 21 12 21 12 12 12 21 21 21 12 12 12 
12 21 12 21 21 21 21 21 12 21 12 21 12 12 21 12 21 12 21 21 12 12 21 21 
21 21 12 12 21 21 21 12 12 21 21 12 12 21 21 12 21 21 12 21 21 21 21 21 
12 21 21 21 12 21 12 12 12 12 21 21 12 12 12 12 21 21 12 21 12 21 21 21 
12 21 12 12 12 12 21 12 21 21 12 21 12 21 21 12 12 12 12 21 21 12 21 21 
21 21 12 21 21 21 12 21 21 12 21 21 12 12 21 12 21 21 21 21 12 21 12 12 
12 21 21 21 12 21 12 21 12 12 12 21 21 21 12 12 12 12 12 21 21 21 21 21 
12 21 12 21 12 12 21 12 12 21 12 21 21 12 21 12 21 21 12 21 12 12 21 21 
12 21 12 12 12 21 21 12 12 21 12 21 12 12 21 12 21 21 21 21 12 12 21 21 
21 21 21 12 12 21 12 21 12 12 12 21 21 12 12 12 21 12 21 12 12 21 21 21 
21 21 12 12 21 12 12 12 12 12 21 12 12 12 12 21 12 21 21 21 12 21 12 21 
12 12 12 12 21 12 21 12 12 21 12 21 21 21 21 21 21 21 21 12 12 12 21 21 
12 21 21 21 12 21 12 21 12 21 12 12 21 12 12 21 12 12 21 21 12 21 12 21 
12 21 21 12 12 12 12 12 12 21 21 21 21 21 21 12 21 12 21 21 12 21 21 21 
12 21 21 21 12 21 12 12 21 12 21 21 12 12 12 21 12 12 12 21 12 21 12 21 
21 21 12 12 21 12 21 21 12 12 12 12 12 12 12 21 21 21 21 21 12 12 21 21 
12 21 12 12 12 21 21 21 12 21 12 21 21 12 12 12 12 12 21 21 12 12 21 21 
12 21 12 12 21 21 21 12 21 12 21 21 21 12 21 12 21 21 12 21 12 21 12 21 
12 21 12 12 21 21 21 21 12 21 21 12 12 12 12 12 21 21 21 21 21 12 12 21 
21 21 21 21 12 12 21 12 12 12 21 12 12 21 21 12 12 12 12 21 21 12 12 21 
12 21 12 21 12 21 21 21 12 12 12 21 21 21 12 12 12 12 21 21 21 21 21 21 
12 21 12 12 12 12 12 12 12 12 12 21 12 12 12 12 12 21 12 21 12 12 21 21 
12 21 12 21 21 21 21 21 12 12 12 21 21 21 21 21 12 12 12 21 21 12 21 12 
12 12 12 12 21 21 21 21 12 12 21 21 12 21 21 21 21 21 21 12 21 12 21 21 
12 21 21 21 12 21 21 12 12 21 12 12 12 12 21 12 12 21 21 21 12 12 12 12 
12 21 12 21 12 21 21 21 12 12 12 12 21 12 12 21 21 21 21 12 21 21 12 21 
12 21 12 12 21 12 21 12 12 21 12 12 12 12 21 12 21 21 12 21 12 12 12 21 
12 21 21 21 21 21 21 12 12 21 12 12 12 12 21 21 21 12 21 21 21 21 12 21 
12 21 12 21 21 21 12 12 12 12 21 21 12 21 21 12 21 12 21 21 12 21 21 21 
12 21 12 12 21 12 21 21 21 21 21 21 12 12 21 12 21 12 21 21 12 12 21 21 
12 12 21 12 12 12 12 12 12 21 12 21 21 21 21 21 21 12 21 21 12 12 21 21 
21 21 21 12 12 12 21 12 12 21 12 12 12 12 12 12 21 12 21 21 21 12 21 21 
12 21 21 21 12 12 12 12 21 21 21 12 12 12 21 21 12 21 12 21 21 12 12 21 
12 21 12 21 12 12 12 21 12 12 12 12 21 12 21 12 21 12 21 12 21 21 12 21 
12 12 12 12 12 12 12 12 12 21 12 21 21 21 21 21 21 12 12 12 12 12 21 21 
12 21 21 12 12 12 12 21 12 21 21 21 12 21 21 12 21 12 21 21 12 21 21 21 
12 21 12 12 12 12 12 21 12 12 21 21 12 21 12 12 21 21 21 12 12 12 21 21 
21 21 12 21 12 12 21 21 12 21 12 21 21 12 12 12 21 12 21 21 12 21 21 21 
12 21 21 21 12 21 12 21 12 21 12 12 12 12 21 21 21 21 12 21 21 12 12 21 
21 21 12 21 21 21 21 12 21 21 12 21 12 12 12 12 12 21 12 21 21 12 12 21 
12 12 21 21 21 12 12 12 21 21 12 21 21 12 21 12 21 21 21 12 21 12 21 21 
12 21 21 21 12 12 12 21 12 21 12 12 21 12 12 12 21 21 21 12 21 21 12 21 
12 21 12 21 12 21 21 12 21 21 12 21 12 12 12 12 21 21 12 21 12 21 21 21 
12 21 12 21 21 12 21 21 12 21 21 12 12 12 12 12 21 12 12 21 21 12 21 21 
21 21 21 21 21 12 12 21 12 12 12 12 21 12 12 21 12 21 21 12 21 12 12 21 
21 21 21 21 12 12 21 12 12 21 12 12 21 12 12 21 21 12 21 21 21 21 12 21 
12 21 21 21 12 12 12 12 21 21 12 21 12 12 12 21 21 12 21 21 12 21 21 21 
21 21 12 21 21 21 21 21 12 21 12 12 21 12 12 21 21 12 12 21 21 21 21 12 
12 21 21 12 12 21 12 12 12 21 12 21 21 12 12 21 12 12 12 12 12 21 21 21 
12 21 12 21 12 12 12 12 12 12 12 21 12 12 21 12 12 12 21 21 21 12 12 21 
21 12 12 21 21 12 21 21 12 12 12 21 21 12 12 12 12 12 21 12 21 12 21 12 
12 21 12 12 12 21 21 12 21 21 21 21 12 12 12 12 12 21 21 21 12 12 12 21 
12 21 12 12 12 21 21 21 12 21 12 12 12 12 12 12 21 12 21 21 12 12 12 21 
12 21 21 21 21 12 21 12 12 21 12 12 12 12 12 12 21 12 21 21 21 12 12 21 
21 21 12 21 12 21 21 21 12 21 12 12 12 12 12 12 12 21 21 12 21 21 12 21 
21 21 12 21 12 21 21 12 12 12 12 12 21 21 21 12 12 12 12 21 21 21 21 21 
21 21 12 12 21 21 21 21 12 12 12 21 21 21 21 12 21 21 21 12 12 21 21 12 
12 12 21 12 21 21 12 21 12 12 21 21 21 21 21 21 21 12 21 12 12 12 12 21 
12 21 12 21 21 21 21 21 12 12 21 21 12 12 12 21 12 12 12 21 21 21 21 12 
21 21 12 21 21 21 21 21 21 12 12 12 21 12 12 12 12 21 21 21 21 12 12 21 
21 21 12 12 21 21 21 21 12 21 21 21 21 12 21 12 21 12 21 12 21 12 21 12 
12 21 12 21 12 21 21 12 12 21 12 12 12 12 21 12 12 12 21 21 21 12 12 21 
21 21 21 21 12 12 21 21 12 21 12 21 21 12 12 12 12 21 21 12 21 12 12 21 
12 21 21 21 12 12 21 12 21 21 12 12 12 12 12 12 12 12 21 12 21 12 12 21 
12 21 21 21 21 21 21 12 12 12 12 12 21 21 12 12 12 12 12 21 21 21 21 12 
21 21 12 12 21 12 21 21 12 12 12 21 21 21 21 12 21 21 21 21 21 12 12 21 
12 21 21 21 21 12 12 21 12 21 12 21 21 12 12 21 21 12 21 21 12 21 21 12 
12 21 12 12 21 12 21 12 12 21 12 21 21 21 12 21 21 21 12 21 21 21 12 21 
21 21 12 12 12 21 21 21 21 12 12 21 21 12 21 12 21 21 21 12 21 12 12 21 
21 21 12 12 21 21 21 12 12 12 12 12 21 21 21 12 21 12 21 21 12 12 21 12 
12 21 21 21 12 21 12 21 12 21 12 21 21 12 12 21 12 21 21 21 21 21 12 21 
12 21 21 21 12 12 21 21 12 21 12 21 21 12 12 21 12 12 21 21 21 12 21 21 
12 21 21 12 12 12 21 12 21 21 21 21 12 12 21 12 21 12 21 21 12 12 12 21 
12 21 21 21 21 21 12 21 21 21 21 12 12 12 12 21 21 21 21 21 21 12 12 21 
12 21 12 21 12 12 12 21 21 21 12 21 12 21 21 21 12 12 12 21 21 12 12 21 
12 21 12 12 21 12 21 12 12 21 12 21 12 21 21 12 21 12 21 21 12 21 21 21 
12 21 12 21 12 21 21 12 12 12 12 21 21 12 12 12 12 12 21 21 21 21 12 12 
