1.21481 1.05415 -1.99455
0.51828 -1.54292 -0.538342
2.01541 -2.02635 -0.703687
1.86446 -0.860085 -1.47076
0.958475 -1.56685 -0.800855
1.57615 -0.984394 -0.411817
1.76618 1.52791 -0.819369
1.64108 -1.81431 -1.68612
1.95398 0.986761 -0.892706
1.51511 1.71823 -1.15577
1.65875 1.52937 -0.651403
1.45393 1.4527 -1.19782
1.45747 1.96408 -0.906586
1.3074 -1.4205 -1.15602
1.75308 1.00915 -0.761449
1.62959 -0.47368 -0.509041
0.991418 -0.261943 -1.46147
1.62335 1.64908 -0.960115
2.17326 -1.90118 -1.59523
1.44304 -0.66174 -0.524216
1.76193 -1.63786 -1.36458
1.87355 1.32075 -0.396068
2.22294 1.88176 -0.493142
1.76504 1.92605 -0.904636
0.799235 1.13397 -0.796587
0.966232 -0.754549 -0.775209
2.00636 -0.603298 -1.20398
1.5695 -0.8959 -0.737233
0.978356 0.741109 -1.11848
1.74448 1.45413 -1.31131
2.0594 -0.25463 -1.03756
1.94814 0.409205 -0.548511
1.99864 -1.21643 -1.15834
1.72728 -0.195474 -0.611108
0.821088 -1.70268 -0.796241
2.06071 1.07611 -0.804831
1.95701 1.64481 -1.01833
1.07878 1.03166 -1.25237
2.39749 -2.05737 -1.43164
1.20828 -0.504078 -1.17596
2.48646 1.59876 -0.735266
2.32839 -1.78111 -1.07917
1.66615 0.422321 -0.669139
2.06073 1.05491 -0.940607
2.31427 -1.13392 -0.933915
2.135 -1.61863 -1.24702
1.91663 -2.07345 -1.14345
1.53569 0.380703 -1.48719
